[[53.692]
 [50.171]
 [47.569]
 [43.748]
 [41.619]
 [37.818]
 [35.796]
 [32.101]
 [29.272]
 [29.254]
 [25.571]
 [22.851]
 [19.054]
 [16.947]
 [15.534]
 [18.917]
 [21.504]
 [24.94 ]
 [28.066]
 [31.605]
 [34.918]
 [38.061]
 [41.228]
 [44.184]
 [47.912]
 [50.963]
 [49.321]
 [47.115]
 [43.362]
 [43.6  ]
 [45.635]
 [43.813]
 [40.233]
 [38.788]
 [36.235]
 [33.823]
 [33.207]
 [31.252]
 [31.191]
 [28.39 ]
 [29.74 ]
 [30.623]
 [29.797]
 [31.462]
 [32.426]
 [29.891]
 [30.864]
 [29.164]
 [30.638]
 [33.623]
 [34.901]
 [37.532]
 [40.558]
 [38.679]
 [35.646]
 [33.201]
 [31.13 ]
 [29.637]
 [27.403]
 [26.046]
 [22.838]
 [20.438]
 [21.737]
 [22.234]
 [19.061]
 [20.26 ]
 [24.043]
 [26.154]
 [30.   ]
 [32.017]
 [35.484]
 [37.736]
 [41.079]
 [42.792]
 [41.992]
 [42.725]
 [39.232]
 [36.559]
 [32.936]
 [30.203]
 [26.588]
 [23.709]
 [20.009]
 [16.946]
 [18.832]
 [17.711]
 [19.141]
 [20.615]
 [23.046]
 [24.88 ]
 [28.501]
 [32.199]
 [32.782]
 [36.138]
 [37.651]
 [40.339]
 [42.661]
 [42.338]
 [45.429]
 [44.861]
 [42.137]
 [43.13 ]
 [42.505]
 [46.11 ]
 [45.804]
 [42.881]
 [41.885]
 [41.296]
 [37.528]
 [34.881]
 [31.914]
 [28.373]
 [25.2  ]
 [21.68 ]
 [19.591]
 [15.821]]